{
    "alt_axis": [
        200,
        350,
        500,
        650,
        800,
        950,
        1100,
        1250,
        1400,
        1550,
        1700,
        1850,
        2000,
        2150,
        2300,
        2450,
        2600
    ],
    "years": [
        2008,
        2009,
        2010,
        2011,
        2012,
        2013,
        2014,
        2015,
        2016,
        2017,
        2018
    ],
    "months": [
        3
    ],
    "days": [
        1,
        2,
        3,
        4,
        5,
        6,
        7,
        8,
        9,
        10,
        11,
        12,
        13,
        14,
        15,
        16,
        17,
        18,
        19,
        20,
        21,
        22,
        23,
        24,
        25,
        26,
        27,
        28,
        29,
        30,
        31
    ],
    "location": "Hachijo-jima",
    "target_hour": 6,
    "MSM_init_hour": 15,
    "MSM_forecast_hour": 15,
    "mu4": [
        [
            -2.236438591058899,
            1.4441478597828379,
            2.521928040518565,
            -0.03649550795450607
        ],
        [
            -0.9495006987870194,
            0.8783163716117943,
            3.704321392740656,
            -0.6333095642080215
        ],
        [
            -0.4403994085343061,
            0.894268509851982,
            4.412048024741388,
            -0.5570173191389552
        ],
        [
            -0.34044195866457505,
            1.0486300117038683,
            4.734636154863264,
            -0.3169229552556585
        ],
        [
            -0.23730587868137606,
            1.1308889012479648,
            5.107224246100291,
            -0.11720272030449799
        ],
        [
            -0.09926458598169248,
            1.1405307443159385,
            5.6019999814984915,
            0.03801926990091252
        ],
        [
            0.10753861665403769,
            1.0952474319966712,
            6.243586829344933,
            0.16971239990577555
        ],
        [
            0.2584648829382289,
            1.034688801208268,
            6.889066434700593,
            0.2630501695971139
        ],
        [
            0.46997076617184286,
            0.9517980180396852,
            7.599251991258831,
            0.3369106495826785
        ],
        [
            0.5960713123472535,
            0.7098045298109892,
            8.33622783335128,
            0.25183246000033643
        ],
        [
            0.6163365203094486,
            0.48191700489301426,
            9.082986014082163,
            0.1458345323815928
        ],
        [
            0.7085022222705555,
            0.36044082571225833,
            9.901347941978056,
            0.14805266573157966
        ],
        [
            0.7304954398711686,
            0.29561139203967707,
            10.70805698364975,
            0.16875069569528423
        ],
        [
            0.6967131026850505,
            0.353454416571104,
            11.484816335800161,
            0.26888838515760893
        ],
        [
            0.6276969155634408,
            0.3975050414206238,
            12.223779896470164,
            0.35433871284278334
        ],
        [
            0.5359260630544381,
            0.45775824874096604,
            12.939988791752773,
            0.4559916229987801
        ],
        [
            0.4315733416339352,
            0.5925581370346352,
            13.643615818123866,
            0.6321912141281031
        ]
    ],
    "sigma4": [
        [
            [
                16.11715673070234,
                -4.235487317883572,
                -4.148515207131107,
                4.518980159299533
            ],
            [
                -4.235487317883572,
                20.971910637774236,
                3.108364094839137,
                -3.288436979258071
            ],
            [
                -4.148515207131107,
                3.108364094839137,
                21.199511771590988,
                10.394238211970624
            ],
            [
                4.518980159299533,
                -3.288436979258071,
                10.394238211970624,
                21.939550818892187
            ]
        ],
        [
            [
                14.904518470855558,
                1.4344780678104947,
                7.961878834656737,
                9.810933514419942
            ],
            [
                1.4344780678104947,
                19.163752864207556,
                8.675782325520856,
                6.068207457122992
            ],
            [
                7.961878834656737,
                8.675782325520856,
                52.7990719060783,
                16.613748244438387
            ],
            [
                9.810933514419942,
                6.068207457122992,
                16.613748244438387,
                46.74824243310382
            ]
        ],
        [
            [
                15.023578071449263,
                3.5568017270002414,
                14.238045210830567,
                11.891407975481188
            ],
            [
                3.5568017270002414,
                19.102372005926163,
                9.296431934431702,
                12.03554560486454
            ],
            [
                14.238045210830567,
                9.296431934431702,
                68.098820118391,
                18.47959429561563
            ],
            [
                11.891407975481188,
                12.03554560486454,
                18.47959429561563,
                61.370398082946174
            ]
        ],
        [
            [
                14.742574424516194,
                3.3301209955430178,
                15.136751868960246,
                11.834120100392871
            ],
            [
                3.3301209955430178,
                17.26935693776462,
                6.748052248896744,
                12.102510930616734
            ],
            [
                15.136751868960246,
                6.748052248896744,
                71.81564253668732,
                17.016081415505596
            ],
            [
                11.834120100392871,
                12.102510930616734,
                17.016081415505596,
                64.1782984746762
            ]
        ],
        [
            [
                14.812308171663961,
                2.8441605664050087,
                14.879961731069974,
                11.51048990104014
            ],
            [
                2.8441605664050087,
                16.512303359991368,
                3.5617747306357463,
                11.498705532400583
            ],
            [
                14.879961731069974,
                3.5617747306357463,
                72.41520430639278,
                14.973282730917791
            ],
            [
                11.51048990104014,
                11.498705532400583,
                14.973282730917791,
                63.699502300656015
            ]
        ],
        [
            [
                15.09708118393217,
                2.093263353265962,
                14.006540867457645,
                11.124846462317722
            ],
            [
                2.093263353265962,
                15.408929366795522,
                0.4372900227025919,
                10.28153078188857
            ],
            [
                14.006540867457645,
                0.4372900227025919,
                70.7050972074507,
                13.05756027204823
            ],
            [
                11.124846462317722,
                10.28153078188857,
                13.05756027204823,
                61.31475466532729
            ]
        ],
        [
            [
                15.783704073217876,
                1.4179774982214814,
                13.074176839831894,
                10.325711354122786
            ],
            [
                1.4179774982214814,
                14.65265345046343,
                -2.3820988436258017,
                9.660299928564621
            ],
            [
                13.074176839831894,
                -2.3820988436258017,
                67.80226108318546,
                10.937602805594011
            ],
            [
                10.325711354122786,
                9.660299928564621,
                10.937602805594011,
                58.651809498096036
            ]
        ],
        [
            [
                16.125984312978886,
                1.243166446856391,
                12.775947695328972,
                9.458187320687475
            ],
            [
                1.243166446856391,
                14.1548865904002,
                -3.957165288617552,
                9.075335191709412
            ],
            [
                12.775947695328972,
                -3.957165288617552,
                65.71020276441124,
                9.491548247647652
            ],
            [
                9.458187320687475,
                9.075335191709412,
                9.491548247647652,
                55.88677752910045
            ]
        ],
        [
            [
                15.70740477835155,
                1.0258381291809695,
                11.723002452607044,
                8.390409228670983
            ],
            [
                1.0258381291809695,
                14.078213749773301,
                -5.366530171597916,
                7.969637288920854
            ],
            [
                11.723002452607044,
                -5.366530171597916,
                63.69787218404968,
                8.236560906940625
            ],
            [
                8.390409228670983,
                7.969637288920854,
                8.236560906940625,
                52.32588155501121
            ]
        ],
        [
            [
                15.468702222291972,
                0.5134572382387612,
                11.543556975196761,
                7.427818728487608
            ],
            [
                0.5134572382387612,
                13.333070542154758,
                -5.1689667794102165,
                6.585984104944048
            ],
            [
                11.543556975196761,
                -5.1689667794102165,
                63.00265464289985,
                8.811052736749051
            ],
            [
                7.427818728487608,
                6.585984104944048,
                8.811052736749051,
                48.22633692482736
            ]
        ],
        [
            [
                15.047383371724013,
                -0.3213024705266301,
                13.06641815666493,
                5.937688487473703
            ],
            [
                -0.3213024705266301,
                13.1101172769775,
                -5.354117034629923,
                6.331681482376992
            ],
            [
                13.06641815666493,
                -5.354117034629923,
                64.81568008136183,
                9.117831481084906
            ],
            [
                5.937688487473703,
                6.331681482376992,
                9.117831481084906,
                45.81564101872455
            ]
        ],
        [
            [
                15.007736148313953,
                -0.709896821851809,
                14.567138903890449,
                5.2108668010786054
            ],
            [
                -0.709896821851809,
                13.542654858545902,
                -5.422498811314321,
                6.269566324658871
            ],
            [
                14.567138903890449,
                -5.422498811314321,
                67.16846529702542,
                9.95538428976321
            ],
            [
                5.2108668010786054,
                6.269566324658871,
                9.95538428976321,
                43.968911106899625
            ]
        ],
        [
            [
                14.93812423869517,
                -0.45579502976238156,
                15.039977692138125,
                5.306527499963977
            ],
            [
                -0.45579502976238156,
                13.496045310751615,
                -4.550554474908027,
                6.26145668625034
            ],
            [
                15.039977692138125,
                -4.550554474908027,
                67.75539815834364,
                11.372080364874726
            ],
            [
                5.306527499963977,
                6.26145668625034,
                11.372080364874726,
                42.99935368717563
            ]
        ],
        [
            [
                14.468443005295969,
                -0.39637840275645575,
                14.982534875706964,
                5.3217723174689695
            ],
            [
                -0.39637840275645575,
                12.32368858709257,
                -3.867782766330878,
                6.199623089995516
            ],
            [
                14.982534875706964,
                -3.867782766330878,
                66.72165544022558,
                12.496496215296624
            ],
            [
                5.3217723174689695,
                6.199623089995516,
                12.496496215296624,
                42.88586821527352
            ]
        ],
        [
            [
                14.07360752547554,
                -0.32532935076100733,
                14.826510612926723,
                5.691513831933848
            ],
            [
                -0.32532935076100733,
                11.56354734084234,
                -3.44435709589079,
                6.595852371194826
            ],
            [
                14.826510612926723,
                -3.44435709589079,
                66.0132653506896,
                13.792682597235295
            ],
            [
                5.691513831933848,
                6.595852371194826,
                13.792682597235295,
                43.91502218287768
            ]
        ],
        [
            [
                13.825289808461516,
                -0.22372529137656852,
                14.511626263190056,
                5.78417372047185
            ],
            [
                -0.22372529137656852,
                11.254537517977708,
                -3.1561926923764085,
                7.478968646633415
            ],
            [
                14.511626263190056,
                -3.1561926923764085,
                65.45041900056084,
                14.725510334062065
            ],
            [
                5.78417372047185,
                7.478968646633415,
                14.725510334062065,
                46.12756756800593
            ]
        ],
        [
            [
                14.393712001417699,
                -0.367925785354335,
                15.255610221260168,
                5.525325975772748
            ],
            [
                -0.367925785354335,
                11.657302400515567,
                -3.586486293376806,
                8.620391098571076
            ],
            [
                15.255610221260168,
                -3.586486293376806,
                66.79835103220195,
                14.91371624162885
            ],
            [
                5.525325975772748,
                8.620391098571076,
                14.91371624162885,
                48.805699453161004
            ]
        ]
    ]
}